LAKE_ID DEPTH_M ELEV_M LONG_DD LAT_DD Fch_Jan Fch_Feb Fch_Mar Fch_Apr Fch_May Fch_Jun Fch_Jul Fch_Aug Fch_Sep Fch_Oct Fch_Nov Fch_Dec Area2000_02_km2 sto_cap_km3 area_cap_km2 elev_cap_m a b tile1 tile2
1 1.4 451 104.322 52.234 148723 179159 61812 51970 51936 52284 52288 52284 51937 88774 111404 188843 32120.342 23615.39 32265.605 456.8788421 0.004466322 312.7702605 h24v03 hxxvxx
2 24.5 75 0.06 6.303 29739 26383 24596 24400 24386 22530 20735 21026 21618 22418 22589 23561 6170.837 148 8502 86.65284535 0.003654108 55.58561913 h17v08 h18v08
3 30.1 181 32.886 23.967 31272 30901 31027 33161 31456 22010 19215 20156 23645 33186 31967 31611 5401.021 162 6500 183.2778495 0.004685832 152.8199415 h20v06 h21v06
4 35.1 487 28.76 -16.523 65957 49095 41928 36813 33519 32558 32101 37446 39458 37494 46295 68681 5210.584 180 5400 485.414708 0.011190747 424.9846742 h20v10 hxxvxx
5 35.1 382 101.785 56.284 12942 12942 12380 12380 12488 15101 25191 17420 12402 12396 12396 12942 4567.784 169.27 5470 403.8463383 0.006567589 367.9216265 h23v03 h24v03
6 11.9 388 83.348 49.656 21622 21446 20224 24516 35231 19177 20571 18918 32980 25291 22219 22224 4235.057 49.8 5490 395.7352607 0.004650166 370.2058494 h23v04 hxxvxx
7 36.9 270 -62.998 7.764 37471 36966 36055 34188 32416 31934 31165 29050 29678 33560 36309 37334 3652.843 135 4250 278.3805367 0.014403147 217.1671619 h11v08 hxxvxx
8 15.2 506 -69.78 54.851 31454 34351 31447 28789 30256 34351 33968 29356 28689 28689 28689 28689 3429.793 53.79 4275 541.0816911 0.012183224 488.9984085 h13v03 h14v03
9 22.4 165 -77.451 53.785 26415 30895 34514 20418 30400 29092 35428 30772 27000 22559 22132 23323 2745.105 61.7 2905 176.2352007 0.011099688 143.9906071 h13v03 hxxvxx
10 13 385 -40.824 -9.423 20947 18939 18683 15454 14772 14359 14356 14644 15406 16666 17933 19866 2447.567 34.1 3017.9 392.5 0.005709878 375.2681611 h13v10 h13v09
11 3.9 251 -99.29 53.16 35084 36771 38717 21923 22161 21923 25973 23908 34075 34036 31354 33205 2481.092 9.644 2668.465 256.2861094 0.002171236 250.4922426 h11v03 h12v03
12 25 187 -75.963 53.729 15579 17142 19943 35969 22079 41463 28023 18393 15901 14317 14170 14369 2315.686 60 2451 257.4784829 0.02538558 195.2584263 h13v03 hxxvxx
13 21.1 16 -49.647 -3.833 23485 22877 23565 20364 18516 18152 16457 16903 18811 16386 18210 18085 2199.146 45.5 2606 75.39740743 0.013216301 40.95572702 h13v09 hxxvxx
14 10.6 30 42.11 47.61 30071 14740 14351 16978 26966 13941 27873 34932 17795 13856 13914 17580 2291.017 23.86 2702 39.43712836 0.011768039 7.639886977 h20v04 hxxvxx
15 30.6 247 127.307 53.771 18435 18438 18463 20393 23656 19733 17071 26606 20699 18442 18438 18442 2212.319 68.4 2420 316.4055753 0.020648275 266.4367498 h25v03 hxxvxx
16 16.4 252 112.477 63.034 11705 11705 11705 12008 11300 11935 14031 11705 12008 14001 11705 12008 2139.468 35.9 2170 244.6217719 0.028516227 182.7415593 h22v02 h23v02
17 10.7 56 87.761 68.125 16123 15896 17794 22579 23890 13977 32173 16290 19537 20866 16757 16718 2140.786 23.5 2221.613 59.64383962 0.004447259 49.76375179 h21v02 hxxvxx
18 30.8 281 32.704 -15.586 39795 35093 24081 22211 21299 21165 20922 23405 27763 27990 30380 35039 2284.831 55.8 2739 329.183035 0.015416661 286.9568005 h20v10 h21v10
19 43.2 659 -122.198 56.019 8776 8657 8776 7584 9525 9659 9107 8069 7580 8644 8657 8656 1532.671 39.471 1773 674.7858127 0.052900382 580.9934354 h10v03 h11v03
20 25.6 44 43.46 33.69 23480 22997 19471 19272 23423 36139 27633 26381 39789 24359 20442 23601 1713.306 85.59 2135.535 65 0.039551023 -19.46261082 h21v05 hxxvxx
21 45 200 92.293 55.934 15125 15541 16619 14180 15202 8920 7295 11500 16360 16027 16122 15636 1715.372 73.3 2000 240.042722 0.038634782 162.773158 h23v03 hxxvxx
22 7.7 102 56.34 58.116 14274 14274 14274 10723 8788 8602 13359 9131 9043 10723 14274 14274 1602.46 12.2 1915 110.3235153 0.007438418 96.07894486 h20v03 h21v03
23 7.4 7 -81.101 26.941 30428 26985 30446 27722 27750 30472 30195 30626 25094 27338 28784 29570 1436.536 3.546 1536.798 3.903794 0.006168432 -5.574989612 h10v06 hxxvxx
24 9.8 10 118.727 33.09 22130 20836 21415 24481 24481 24548 22327 20889 21109 20836 21453 22568 1570.745 13.5 2074.607 17 0.007491465 1.458157254 h27v05 hxxvxx
25 19.5 30 43.893 32.697 18570 24612 22910 26082 31436 32481 26431 28131 34827 21966 23680 18570 1301.166 25.75 1621 34.69170456 0.014573217 11.0685198 h21v05 hxxvxx
26 6.5 390 -74.099 48.354 18964 16343 15789 12981 18090 16589 15353 15607 14194 14194 14881 17548 1259.101 8.573 1570 403.9802528 0.000684167 402.9061106 h12v04 h13v04
27 23.3 485 77.104 43.922 12414 12567 13646 12476 24944 12635 13147 12368 13656 12374 12367 12383 1228.315 28.1 1850 483.7052385 0.00897054 467.1097395 h23v04 hxxvxx
28 26.8 558 -101.432 47.506 15773 16457 17907 6391 16839 6391 6930 7669 16592 13914 13204 15492 1217.277 29.383 1477.398 565.0992 0.024672627 528.6479178 h11v04 hxxvxx
29 18.9 75 -56.626 -27.394 27648 27969 24675 24062 24267 28711 28164 25927 20135 23449 23418 24871 1152.584 21 1600 84.70761578 0.022416017 48.84198858 h12v11 h13v11
30 26.6 486 -100.398 44.456 4501 4567 5076 8306 15578 15679 8973 9982 7035 4467 4468 4486 1125.33 28.349 1429.573 493.776 0.02171865 462.7271473 h10v04 h11v04
31 19.7 323 -51.377 -20.373 9662 7180 6834 6822 6894 6822 6822 7012 7193 6850 7211 9742 1128.421 21.166 1200 329.7841806 0.032365634 290.9454198 h13v11 h13v10
32 12 24 47.758 52.054 20250 23154 22565 10938 7720 8345 14858 8275 11473 13538 22038 23002 1094.935 12.9 1117.698 28.36445313 0.025625757 -0.277411497 h20v03 hxxvxx
33 10.2 119 32.555 67.411 13435 13435 13435 13435 11254 13435 11022 12053 13435 13435 13435 13435 1044.24 10.8 1062.368 136.0738054 0.187261973 -62.86734921 h19v02 hxxvxx
34 14.5 110 4.613 9.866 12012 11622 31535 23313 23270 24492 23357 22215 23221 21545 16388 11696 1062.653 15 1071.225 136.8141116 0.039971361 93.99578865 h18v08 h18v07
35 8.6 103 83.001 54.843 9405 10189 12442 23206 16821 15969 21257 13405 10927 10290 10700 10004 1022.879 8.8 1070 113.9683782 0.014194572 98.7801862 h22v03 hxxvxx
36 12.7 62 47.463 56.14 4716 4716 4716 4716 16729 18600 4951 19396 5094 4716 4716 4716 1034.367 13.85 1080.384 65.73143875 0.024466809 39.29789275 h20v03 hxxvxx
37 3.1 16 31.281 58.456 18746 18746 18746 18746 20099 20099 20099 21849 18746 18746 18746 18746 1010.272 12 1120 19.27989602 0.008299809 9.98410994 h19v03 hxxvxx
38 3.7 378 32.485 15.239 17666 19586 21175 12250 17048 14714 16106 14949 17912 7204 20855 17001 776.118 3.5 861.193 380.3871615 0.006243478 375.0103222 h21v07 hxxvxx
39 9.1 197 -76.584 52.212 14872 14732 14733 11681 11357 12359 14732 14758 14891 16559 18713 16298 920.477 8.5 1040 216.1025699 0.021178177 194.0772658 h13v03 hxxvxx
40 24.7 763 -46.314 -20.669 7516 7959 8141 8243 8198 7883 8119 8239 8338 8350 8111 7496 925.538 22.59 1127.067 769.320276 0.043695425 720.0726232 h13v11 hxxvxx
41 59 422 -48.304 -13.837 8106 8225 8173 8297 8124 8420 8604 8693 8571 8087 8216 8922 931.179 54.4 1784 470.0692076 0.03355918 410.1996305 h13v10 hxxvxx
42 11.2 82 54.086 56.794 9445 9440 9447 10228 8592 12661 6835 7178 18570 11005 9463 9464 838.793 9.4 850.816 86.24542336 0.038915392 53.13560037 h20v03 h21v03
43 13 109 128.741 -16.118 16765 17729 15455 14694 14573 14373 14373 14458 15914 14088 16135 15720 983.48 10.763 981.211 93.9679224 0.028058959 66.43617204 h30v10 hxxvxx
44 1 334 -93.356 48.619 15462 14852 13410 10123 9349 9349 10582 9368 9525 11271 12708 14300 829.94 0.693 829.449 336.7329491 0.000779079 336.0867428 h11v04 hxxvxx
45 28.9 681 -106.415 48.001 14914 14914 14233 15378 12616 12014 6008 6010 10468 14914 13983 14914 838.009 22.774 969.863 685.7590747 0.043760837 643.3169091 h10v04 hxxvxx
46 26.3 566 -45.269 -18.215 9148 8617 8611 8656 8638 8619 8657 8649 8702 8658 8686 9309 796.687 21 1040 576.0594944 0.035526122 539.1123275 h13v10 hxxvxx
47 17.6 384 -69.77 49.355 9410 9410 9576 8587 9576 10157 9389 9316 8959 8959 9507 9661 728.222 13.9 978 409.1642707 0.049795746 360.4640311 h13v04 hxxvxx
48 9 248 67.96 41.243 17739 17736 23054 24885 29638 13717 12172 12172 13607 23561 19339 17745 770.685 5.7 800.658 252.54432 0.017860546 238.2441331 h23v04 hxxvxx
49 18.7 57 52.279 55.704 8228 8228 8228 8228 16854 16058 7850 9497 9098 8457 8228 8228 824.951 13.8 1084 65.33507348 0.013802425 50.37324478 h20v03 h21v03
50 12.2 62 -56.42 -32.83 13893 13620 13463 14090 16149 13212 15272 16361 12963 13453 13201 13404 744.174 8.8 1070 82.7696645 0.019403636 62.00777398 h13v12 hxxvxx
51 30.9 337 -68.758 -39.27 24376 22532 16042 13386 11590 11547 11547 11547 11912 13674 17235 19854 717.15 22 820 378.2006291 0.015185005 365.748925 h12v12 hxxvxx
52 70.1 530 38.323 37.485 10227 8793 7252 6189 8876 6388 6503 6470 6601 10597 11840 9688 703.627 48.7 817 541.2022506 0.106428188 454.250421 h21v05 hxxvxx
53 15.7 260 -38.312 -9.142 16750 17491 16931 17406 15540 14349 13908 14917 17228 19032 17473 16432 693.773 10.7 781.21 305.4 0.033366511 279.3337604 h14v09 hxxvxx
54 18.2 297 38.559 35.855 11553 19183 9344 9318 12513 11656 11237 11257 12555 11312 9305 10866 645.495 11.7 610 302.8744787 0.059423254 266.6262938 h21v05 hxxvxx
55 12.5 208 13.69 9.059 11314 11288 11203 11497 11262 11191 11347 11643 11481 11213 11195 11257 603.395 7.7 691.115 216 0.037395474 190.1554155 h19v08 hxxvxx
56 10.5 38 -93.567 31.175 7985 23493 21661 17060 21000 18410 11740 19871 8339 17146 22349 10585 613.17 5.522 636.179 52.4256 0.020387582 39.45545516 h09v05 h10v05
57 11.7 230 -75.885 52.191 7031 7889 10490 7930 17194 18966 11642 8067 7016 6495 6495 6495 81.784 6.94 602.9 286.821392 0.067847761 245.9159769 h13v03 hxxvxx
58 41.5 342 -68.908 49.706 6940 7761 9798 15656 9471 5843 5803 5803 5807 5803 5803 6509 567.026 24.5 640 361.5263766 0.19049416 239.6101142 h13v04 h13v03
59 19.7 68 31.743 68.607 9384 9384 9384 9384 6254 8385 6254 6387 9384 9384 9384 9384 598.731 11.52 745 79.61648185 0.001932373 78.17686396 h19v02 hxxvxx
60 21.5 340 -50.5 -19.017 7388 8946 8057 6940 6719 7019 6862 6734 6648 6809 10909 11172 585.881 12.5 703 405.9353213 0.052299497 369.1687749 h13v10 hxxvxx
61 63.2 372 -114.735 36.018 8611 9454 9146 8953 7945 7275 7024 6843 6687 8687 9020 8953 581.488 34.069 659.298 374.5992 0.136188186 288.7603821 h08v05 hxxvxx
62 0.1 4448 90.379 29.095 10674 11317 12331 11203 10072 8287 8135 8135 8136 8136 8876 10891 597.087 14.6 638 4443.489803 0.012750141 4435.355213 h25v06 hxxvxx
63 16.2 519 -92.779 16.401 5955 5847 8538 6030 5851 6079 6312 5859 9056 7053 5843 5913 565.014 18.2 640 530.6657038 0.080791904 478.9588852 h09v07 hxxvxx
64 16.3 234 78.896 16.088 8400 6723 5998 5825 8262 9567 9698 10660 11199 5998 9566 11650 279.937 8.288 534.054 269.75 0.030793897 253.3043967 h25v07 hxxvxx
65 10.3 22 -57.943 -31.271 6972 6969 7312 7410 6945 6750 6747 6797 7945 7331 7436 7180 548.396 5 592.828 35.07806506 0.0306808 16.88963075 h13v12 hxxvxx
66 14 361 75.554 24.7 16838 12193 9261 9642 10827 13155 16037 14715 12320 10463 12004 14750 224.897 6.827 619.895 399.9 0.033659767 379.0344854 h24v06 hxxvxx
67 14.5 379 -49.781 -21.298 6372 7794 9180 9604 9549 7575 8461 10086 9804 9956 8528 6909 511.26 7.41 513.392 384 0.080383625 342.7316689 h13v11 hxxvxx
68 22.2 435 -117.775 49.342 3028 3090 3052 2898 2808 2765 2747 2748 2746 2821 3178 2951 453.553 10.3 504.823 439.2965159 0.174773487 351.0667998 h10v04 h10v03
69 21.9 337 -50.346 -19.867 6356 11028 11602 12106 11069 11826 12031 10009 8997 11844 10998 6511 541.166 11.025 563.15 383.3 0.056260687 351.6168125 h13v11 h13v10
70 16.2 165 83.855 21.52 9727 9990 10516 14535 9592 10595 11145 14395 12197 9118 9103 10807 443.13 5.378 669.62 192.02 0.022037835 177.2630207 h25v06 hxxvxx
71 55.3 189 -5.472 7.031 7615 10715 8934 8621 8728 7993 7515 7584 8137 8616 8225 10296 431.118 27.68 1058.204 206 0.034228331 169.779447 h17v08 hxxvxx
72 19.8 86 88.285 66.95 5205 5205 5205 5205 5205 5207 12141 5205 5205 5205 5205 5205 471.926 9.96 558 95.63036264 0.049708819 67.89284164 h21v02 hxxvxx
73 1 288 14.467 63.304 6599 6599 7086 6930 8489 9432 7809 7086 7086 7086 7084 6597 479.93 0.505 484.601 293.130474 0.004216396 291.0872035 h18v02 hxxvxx
74 4.5 887 -114.232 47.676 13503 14155 12546 11511 11017 10997 10728 10842 11017 11736 13082 14077 485.329 23.2 510 883.6114321 0.132393964 816.0905105 h10v04 hxxvxx
75 4.7 488 -70.529 50.657 8525 8525 9856 11989 9856 8897 8488 8488 8488 8488 8488 8523 461.551 2.22 470.438 494.182236 0.033120469 478.6011189 h13v03 hxxvxx
76 3.3 404 150.409 62.055 5048 5079 5069 4627 6557 5027 5170 4457 4456 4835 5027 4485 425.377 15.08 454.6 452.9955512 0.136575115 390.9085039 h25v02 hxxvxx
77 7.2 728 35.985 -7.137 13892 13574 10787 10068 10169 9974 10061 10826 11618 12098 12801 13467 358.94 3.2 478.828 698.5 0.021831191 688.0466222 h21v09 hxxvxx
78 9.7 345 69.819 40.277 8742 8745 8744 8744 8742 9277 9533 8854 8742 8742 8744 8742 441.622 4.2 513 346.2325406 0.021429957 335.2389727 h23v04 hxxvxx
79 59.6 737 -118.57 52.078 2207 2207 2208 2207 2207 2217 2707 2448 2209 2207 2208 2207 355.446 24.762 430 759.1500986 0.317169115 622.7673791 h10v03 hxxvxx
80 38.5 71 47.027 40.794 14151 13077 29342 22490 22679 11503 9925 10559 12594 16185 11441 13515 422.447 15.73 567.969 83 0.072153856 42.01887071 h21v04 hxxvxx
81 20.8 220 -54.97 -25.374 5523 5523 5814 6187 6168 5653 5760 5999 7493 6756 6907 5740 424.538 8.473 620 231.135892 0.045167058 203.132316 h12v11 h13v11
82 26.6 266 83.007 24.201 7938 8158 7938 8580 11554 19619 11203 19003 18254 8498 8140 8121 374.163 5.65 426.362 268.22 0.062075725 241.7532691 h25v06 hxxvxx
83 77 821 38.761 38.807 5167 5036 5190 5508 3854 4174 4165 4114 4095 5270 5237 5149 453.491 30.6 675 848.7924091 0.113017443 772.5056351 h20v05 h21v05
84 7 420 -68.689 -38.579 15813 15781 18019 15158 13248 13223 12967 13140 13887 17105 18148 17402 412.265 27.7 413 417.108558 0.307592018 290.0730546 h12v12 hxxvxx
85 14.1 294 81.288 24.19 6786 6583 6612 12133 10170 14161 12788 9965 9533 6832 6773 6890 77.479 5.166 471.595 341.64 0.050881922 317.6443154 h25v06 hxxvxx
86 20.6 48 -94.106 31.065 17503 13670 12445 10115 9489 8130 6961 7660 15349 17580 14948 17052 369.141 3.548 455.636 50.10912 0.03550315 35.6571102 h09v05 hxxvxx
87 18.8 549 -49.229 -23.212 10017 10357 9593 9184 9452 10240 10426 8523 7503 8006 10117 10249 368.526 7.008 542 566.4823607 0.00227674 565.2483676 h13v11 hxxvxx
88 23 96 73.598 21.256 7509 6045 6008 7142 9665 15241 17684 15318 13001 17978 14747 16659 344.191 6.615 509.85 105.16 0.042291414 83.59772467 h24v06 hxxvxx
89 4.7 1371 -111.892 40.359 15139 14720 13968 14934 12361 13345 14253 14266 14326 14526 14847 14786 375.134 1.07 380 1368.278552 0.023069577 1359.512113 h09v04 hxxvxx
90 4 637 -116.998 48.178 6086 6086 6089 7274 9325 8964 8561 8561 8756 6257 6086 6086 359.981 54.199 381.466 628.8024 0.228446548 541.6579177 h10v04 hxxvxx
91 10.7 494 76.331 15.264 18378 18497 16528 15098 18355 16396 17457 18417 18710 9406 18415 17914 177.738 3.276 349.424 497.74 0.041219304 483.3369887 h25v07 hxxvxx
92 36 275 42.829 36.629 6098 6360 6409 7167 5955 6752 5955 5959 7446 5955 5935 6094 250.764 11.1 353.156 330 0.160315289 273.383752 h21v05 hxxvxx
93 32.4 138 42.352 34.21 12713 11321 9190 8652 9125 12284 14825 15523 12006 8652 10002 12843 383.357 8.2 418.4 144.4272171 0.071249504 114.6164246 h21v05 hxxvxx
94 9.4 311 78.342 18.967 13143 11296 9471 10841 11744 12864 12423 13052 13111 11195 12315 13200 210.979 2.3 314.378 332.54 0.040048061 319.9497549 h25v07 hxxvxx
95 51 460 -49.096 -18.408 5417 7340 7434 7336 6423 7294 7054 6825 6441 6937 6811 6933 458.384 17 559.598 520.3766629 0.088175776 471.0336762 h13v10 hxxvxx
96 15 263 -56.78 48.166 9777 9170 9190 9703 10272 10983 11133 12199 13689 10966 10408 9279 313.147 2.16 314.904 270.6494798 0.004098229 269.3589301 h14v04 hxxvxx
97 19.3 1246 25.507 -30.622 11703 9971 7298 6784 6840 6756 6775 6926 7845 8061 10361 11827 290.526 5.34 374 1261.934149 0.069067551 1236.102885 h20v12 hxxvxx
98 28.4 181 -93.599 17.177 4440 4442 4495 4571 5024 5689 5228 4617 4401 11806 4367 4449 284.802 9.168 309.454 182 0.300322963 89.06385622 h09v07 hxxvxx
99 32.4 159 -101.892 18.272 5864 4010 4034 4034 4009 4389 5015 4614 5062 4562 4770 5472 287.148 12 400 173.1254517 0.141175033 116.6554385 h08v07 hxxvxx
100 11.1 1464 28.115 -26.883 6331 6285 6359 7677 9948 10477 10795 8681 7973 6961 7008 6748 303.749 2.61 320 1484.272861 0.035798268 1472.817415 h20v11 hxxvxx
101 97.1 2571 100.917 36.121 7624 7866 7306 6742 6014 6125 5903 5903 5903 13746 8144 7634 294.32 24.7 383 2589.147772 0.183208106 2518.979067 h26v05 hxxvxx
102 8.4 67 29.482 62.825 9376 10336 10842 11662 7448 7042 7479 7586 8117 8752 11044 9047 272.586 2.39 293 88.04580903 0.006397919 86.17121876 h19v02 hxxvxx
103 10.8 237 -75.983 46.719 5467 5738 6564 7643 5467 5975 6410 6293 7150 7150 6525 5739 206.776 2.63 280 223.1403386 0.05662529 207.2852574 h12v04 hxxvxx
104 10 53 107.036 11.106 10740 10981 12081 12179 9842 10920 10909 10953 11154 8503 9756 9778 272.64 2.76 323 62.78862594 0.07215665 39.48202799 h28v07 hxxvxx
105 18.7 408 -71.255 49.904 4567 5072 6778 16877 6136 4385 4549 4600 4951 4927 4716 4402 261.294 5.18 270.716 440.2633472 0.106107089 411.5385046 h13v04 h13v03
106 10.6 460 75.368 19.485 10045 9258 11695 11649 11068 8933 8433 9055 10003 7796 9473 10293 261.934 2.171 382.388 463.91 0.032006226 451.6712121 h25v07 hxxvxx
107 25.8 335 6.836 9.971 6380 6335 8546 10046 9305 9378 8904 8003 7694 7531 6578 6362 216.819 7 312 377.7333404 0.086015118 350.8966236 h18v08 h18v07
108 11.3 26 39.116 44.985 9407 9256 9436 9749 14973 9256 9587 9988 12678 14085 9338 9289 273.483 3.048 286.284 33.67836691 0.061612407 16.03972084 h20v04 hxxvxx
109 8.4 305 -103.402 53.659 10150 9342 12339 5942 4988 5019 14234 11719 12255 14971 14568 11938 253.552 2.196 263.859 313.5939441 0.008968001 311.2276565 h11v03 hxxvxx
110 8.3 149 105.431 15.205 8794 8100 16348 9727 13004 8495 8625 7979 8312 13280 12236 10775 218.908 1.966 288 145.9443488 0.057090915 129.5021653 h28v07 hxxvxx
111 13.3 483 34.39 11.798 9860 9839 8590 4174 4337 5041 5500 5477 5153 4915 4131 9708 219.232 7.4 450 487.1189076 0.0250552 475.8440676 h21v07 hxxvxx
112 87.3 887 72.653 41.682 5303 5306 5231 5317 5268 5465 6319 6379 5845 5415 5386 5353 235.767 19.5 284.3 901.2390333 0.554713124 743.5340921 h23v04 hxxvxx
113 56.3 349 145.979 -42.729 9298 9130 9045 9818 9145 9013 8951 9047 9192 9875 9447 9098 225.616 12.4 278 311.4156463 0.370071098 208.5358811 h28v13 hxxvxx
114 14.3 471 75.121 18.072 7177 6701 9700 9667 7181 4877 4999 5475 6309 4498 5632 6741 209.437 1.52 268.91 496.83 0.054530492 482.1662242 h25v07 hxxvxx
115 8 265 -64.887 -27.524 12277 12019 11475 10404 9790 9987 9997 9717 10811 10932 11587 12482 196.934 1.74 330 276.3627035 0.0292202 266.7200375 h12v11 hxxvxx
116 5.4 117 37.122 56.734 4520 3966 3913 3889 8019 5158 4373 7321 4779 4520 3953 4128 199.861 1.17 220.568 123.4663297 0.017940946 119.5091377 h19v03 h20v03
117 66.9 354 72.691 34.091 3127 3412 3307 3342 3827 4001 3984 4970 4303 3599 3267 3127 150.485 13.69 250 483.5537381 0.528388436 351.4566291 h23v05 h24v05
118 59.2 161 79.31 16.573 3480 3674 4341 4757 5621 4148 4087 3971 3900 5455 4566 3956 204.719 6.841 272.179 179.83 0.290441941 100.7778375 h25v07 hxxvxx
119 2.3 366 13.368 63.405 4619 4619 4619 4619 4619 7686 5393 4619 4619 4619 4619 4619 191.502 0.45 189.739 392.7989991 0.027815357 387.5213455 h18v02 hxxvxx
120 49.2 680 39.137 38.228 2672 2942 4036 6078 2360 2788 2703 2720 2646 2360 2532 2747 208.516 9.5 298 697.541898 0.220729565 631.7644876 h20v05 h21v05
121 45.2 413 75.949 31.973 5657 5882 5392 5137 5137 5137 5137 5137 5137 5163 5202 5453 167.181 6.16 254.851 423.67 0.204734264 371.49329 h24v05 hxxvxx
122 7.1 1121 27.245 -10.753 4713 4927 4688 4670 4700 4663 4679 4849 6155 8309 6105 5127 178.43 1.267 225.651 1126.032124 0.031016908 1119.033124 h20v10 hxxvxx
123 3.6 2227 37.365 9.557 6957 6694 6243 6542 10124 8748 8045 7573 6726 7645 7236 7070 183.556 0.65 196.13 2220.261701 0.018912738 2216.552347 h21v08 hxxvxx
124 36.2 498 75.888 16.333 6560 5756 7340 7387 6659 5514 5571 5842 6272 5454 5944 6459 81.294 3.105 293.42 519.6 0.052745749 504.1233513 h25v07 hxxvxx
125 52.1 354 73.644 33.144 5021 5021 5021 5021 5021 5021 5021 5070 5021 5021 5021 5021 119.582 9.12 251 370.603771 0.201085925 320.1312038 h24v05 hxxvxx
126 16.9 331 75.58 24.917 7897 5751 5618 7650 8052 8725 8548 9072 8506 7956 8407 9080 167.764 1.436 197.655 352.81 0.1391 324.74 h24v06 hxxvxx
127 10.1 228 -0.553 11.474 4182 4144 4157 4339 4315 4356 4316 4345 4325 4507 4100 4132 141.107 1.7 255 238.1215954 0.057194764 223.5369306 h17v07 hxxvxx
128 3.4 4081 -76.196 -10.979 7451 7208 7221 6711 6578 6937 6906 6673 6527 6673 6937 7273 189.463 1.08 206.713 4084.616962 0.023123567 4079.83703 h10v10 hxxvxx
129 25.6 387 79.925 22.942 4346 4361 4961 7153 6749 5717 4924 5497 6483 4366 4346 4346 163.577 3.18 236.243 422.76 0.085182997 401.5107764 h25v06 hxxvxx
130 22.6 1031 146.731 -41.98 6141 6196 6138 6173 6272 6216 6279 6331 6327 6222 6138 6138 148.876 3.356 176 1040.539994 0.403456951 969.5315703 h28v13 hxxvxx
131 14.7 359 169.252 -44.609 3707 3707 3707 3707 3707 3707 3707 3707 3707 3707 3707 3707 150.535 2.18 150 345.4880578 0.146314711 323.5408511 h30v13 hxxvxx
132 12.7 51 13.791 -8.964 7922 6660 4681 3683 3689 3678 3697 5772 8443 7436 7062 7439 116.408 1.56 129.055 51.92500617 0.131207429 34.99206309 h19v09 hxxvxx
133 39.5 1172 148.62 -36.125 3860 3630 3643 4203 3995 7039 6899 6463 6380 6491 3549 3821 119.964 4.798 145.42 1165.241546 0.464836205 1097.645065 h29v12 h30v12
134 32.5 81 -99.168 26.561 3066 3580 3954 4230 4493 5064 5676 5489 4549 4651 3996 3136 118.559 3.883 311.844 93.48216 0.069723987 71.73911824 h09v06 hxxvxx
135 207.6 1125 -111.485 36.94 4681 3949 4190 3911 3821 3821 3821 3821 3859 3930 3821 4471 154.832 30.001 609.38 1127.76 0.1406 1047.2 h09v05 hxxvxx
136 56.5 477 44.957 35.956 4708 4677 4713 9095 5621 5362 5442 5240 6110 8226 4379 4731 114.858 6.97 270 513.6909533 0.188933897 462.6788011 h21v05 hxxvxx
137 11.3 99 -96.073 32.182 3919 6509 5657 5242 6020 5655 4734 5692 8190 7517 4616 3746 121.597 0.799 133.032 98.1456 0.094227 85.919708 h09v05 hxxvxx
138 0.4 312 15.052 10.827 5008 5039 5243 4928 5050 5225 5456 5668 5513 5017 5295 5060 116.644 0.68 148.722 312.5 0.019327848 309.6255142 h19v07 hxxvxx
139 51.5 39 101.086 14.852 4975 11309 12499 12422 10086 6309 5759 5467 5338 5653 5985 5476 127.236 0.785 158.871 42 0.052950536 33.58769173 h27v07 hxxvxx
140 12.6 202 148.066 -23.653 6437 7814 8386 7538 6082 5087 5822 8386 6025 5397 5571 5418 115.675 2.289 179.434 209.81 0.129997856 186.4839533 h31v11 hxxvxx
141 27.4 163 147.033 -36.108 3614 3740 3741 4089 4066 3608 3586 3602 3620 3622 3602 4028 124.991 3.037 201.9 192 0.15398751 161.8163277 h29v12 hxxvxx
142 10.3 670 37.47 -3.825 4247 4181 4428 5454 6118 6333 5962 5325 4955 4625 4276 4200 83.03 0.6 126.327 689.6460236 0.099997077 677.0136583 h21v09 hxxvxx
143 10.1 409 77.929 18.205 7068 7265 7835 7969 6876 6894 6801 7057 6867 6255 6963 6866 89.635 0.504 92.753 428.24 0.089301025 419.9570939 h25v07 hxxvxx
144 6.3 27 141.277 -34.044 8850 9586 9483 9185 11115 10617 10590 11115 9040 7009 8424 8294 109.165 0.677 122 27.72783247 0.165581783 7.526854944 h29v12 hxxvxx
145 31.2 61 -89.769 33.815 6381 5724 4799 4766 4827 4781 4766 5119 6200 4919 4766 5066 84.475 1.544 128.29 65.532 0.126143211 49.34905094 h10v05 hxxvxx
146 15.7 1374 -121.088 40.175 8835 8230 6686 4888 5044 5207 4951 4888 6337 7960 8170 8611 102.474 1.613 108.393 1373.124 0.687489128 1300.935473 h08v04 hxxvxx
147 13.4 753 45.402 39.091 4030 3775 3775 4182 5929 8987 6740 6931 9742 4594 3773 3969 68.582 1.35 145 779.9404326 0.118447523 762.7655418 h21v05 hxxvxx
148 13 464 35.907 14.925 10647 10726 10386 10894 4110 4691 5671 6361 9335 4533 8226 10622 91.89 1.3 125 474.7595408 0.09341818 463.0822683 h21v07 hxxvxx
149 8.5 1470 -116.053 44.523 7822 9555 5824 3517 3352 3578 4790 3784 3166 4485 6973 9256 81.944 0.855 101.98 1471.5744 0.16232372 1455.020678 h09v04 hxxvxx
150 18.2 463 18.569 66.978 3666 3666 3683 3666 3666 3992 3677 3666 3666 3666 3666 3666 71.716 1.675 81 470.1487685 0.629179917 419.1851952 h18v02 hxxvxx
151 25.4 564 40.542 10.233 5675 5671 5627 5660 5627 9072 6014 5858 10147 5938 5836 5714 80.885 2.323 104.87 568.2473031 0.330435254 533.5944211 h21v07 hxxvxx
152 8.1 1370 -121.078 41.926 6719 6706 5863 6071 5977 6479 6525 6463 6808 5876 6307 6556 95.554 0.556 100.362 1365.842647 0.199682008 1345.802153 h08v04 hxxvxx
153 25.2 478 115.602 40.232 2526 2523 2604 3082 5791 4771 3783 4320 8465 2890 2525 2523 92.63 4.16 130 479.0864572 0.107639202 465.0933609 h26v04 hxxvxx
154 31.9 274 -7.635 32.473 4035 4033 3979 4015 4015 4022 4015 4015 4020 4098 4388 4347 88.446 2.76 80 268.5405347 0.339161618 241.4076053 h17v05 hxxvxx
155 16.6 258 -100.615 27.51 5280 6192 5816 5720 5720 5742 5822 5793 5720 5720 5792 5412 94.454 1.313 150.556 266.5294655 0.094563792 252.2923571 h09v06 hxxvxx
156 7.9 92 44.97 34.115 4854 4838 4857 7499 5363 5222 5265 5153 5626 7885 4734 4866 80.333 4.61 227.999 107.5 0.119627006 80.22516301 h21v05 hxxvxx
157 17.3 295 78.372 25.097 5406 4753 3447 3148 3146 3258 3664 3224 3182 4621 4249 4962 69.968 0.707 112.072 308.46 0.100280376 297.2213627 h25v06 hxxvxx
158 21.8 573 -100.523 31.368 3212 3855 4248 4804 5339 5501 5314 5538 5837 5163 3780 3202 6.244 0.23 29.467 591.37296 0.495168085 576.7818052 h09v05 hxxvxx
159 36 78 79.305 14.488 5077 3440 3178 3160 3299 4243 4769 5137 5015 3690 3797 4288 77.802 1.994 153.173 100.58 0.171437186 74.32044838 h25v07 hxxvxx
160 43.1 432 119.697 42.751 6465 6102 5091 3681 3490 4568 4895 4318 3490 4141 5081 5741 44.38 2.56 66.896 437.6423899 0.232680434 422.0769177 h26v04 hxxvxx
161 9.8 51 146.74 -19.412 4702 6214 5673 5533 5108 4568 5100 6156 3813 3304 3380 3381 53.03 0.417 82 41.77053775 0.111775191 32.60497209 h31v10 hxxvxx
162 32.3 57 82.088 17.304 3451 3308 4055 4421 4339 5830 5574 5522 5698 5574 5586 4906 39.253 0.508 49.357 86.56 0.588558616 57.51076033 h25v07 hxxvxx
163 26.2 396 67.632 37.829 3611 3611 3669 4165 4374 4908 4128 4028 4461 4056 3693 3611 28.636 0.8 40.263 411.4058923 0.337954886 397.7986778 h23v05 hxxvxx
164 28.8 150 112.772 33.732 3142 3098 3275 3023 3023 3023 3037 4085 4065 3523 3029 3085 31.583 0.713 46.5 174.2742879 0.358038263 157.6255087 h27v05 hxxvxx
